14
skybox_cloud_1 16 179.000000 52.000000 0.850000 pfx_sunny
 1.834800 1.681900 1.501200  0.000000 0.000000 0.000000  0.060235 0.088471 0.167529  300.000000 4287406765
skybox_cloud_1 536870928 179.000000 52.000000 0.850000 pfx_sunny
 1.834800 1.681900 1.501200  0.000000 0.000000 0.000000  0.053961 0.079255 0.150078  300.000000 4287406765
skybox_night_1 18 152.000000 38.000000 0.000000 pfx_night
 0.066667 0.082353 0.105882  0.000000 0.000000 0.000000  0.017647 0.017647 0.052941  500.000000 4279574581
skybox_night_1 536870930 152.000000 38.000000 0.000000 pfx_night
 0.066667 0.082353 0.105882  0.000000 0.000000 0.000000  0.017647 0.017647 0.052941  500.000000 4279574581
skybox_night_2 50 152.000000 38.000000 0.000000 pfx_night
 0.066667 0.082353 0.105882  0.000000 0.000000 0.000000  0.017647 0.017647 0.052941  500.000000 4279574581
skybox_night_2 536870962 152.000000 38.000000 0.000000 pfx_night
 0.066667 0.082353 0.105882  0.000000 0.000000 0.000000  0.017647 0.017647 0.052941  500.000000 4279574581
skybox_sunset_1 17 180.000000 9.146000 0.700000 pfx_sunset
 1.045455 0.545455 0.168182  0.000000 0.000000 0.000000  0.069048 0.100000 0.190476  150.000000 4287197794
skybox_sunset_1 536870929 180.000000 9.146000 0.700000 pfx_sunset
 1.045455 0.545455 0.168182  0.000000 0.000000 0.000000  0.069048 0.100000 0.190476  150.000000 4287197794
skybox_cloud_2 32 180.000000 19.170000 0.400000 pfx_cloudy
 0.720000 0.680000 0.600000  0.000000 0.000000 0.000000  0.125490 0.145882 0.241569  120.000000 4284510352
skybox_cloud_2 536870944 180.000000 19.170000 0.400000 pfx_cloudy
 0.720000 0.680000 0.600000  0.000000 0.000000 0.000000  0.125490 0.145882 0.241569  120.000000 4284510352
skybox_cloud_2 268435504 180.000000 19.170000 0.400000 pfx_overcast
 0.400000 0.350000 0.310000  0.000000 0.000000 0.000000  0.196078 0.235294 0.403922  120.000000 4284510352
skybox_cloud_2 805306416 180.000000 19.170000 0.400000 pfx_overcast
 0.400000 0.350000 0.310000  0.000000 0.000000 0.000000  0.196078 0.235294 0.403922  120.000000 4284510352
skybox_clearday 0 179.000000 80.000000 0.950000 pfx_sunny
 1.306800 1.197900 1.069200  0.000000 0.000000 0.000000  0.060235 0.088471 0.167529  300.000000 4287406765
skybox_clearday 536870912 179.000000 80.000000 0.950000 pfx_sunny
 1.306800 1.197900 1.069200  0.000000 0.000000 0.000000  0.053961 0.079255 0.150078  300.000000 4287406765
